1579771045.86
0.000348980556641
-5.36893164062e-05
0.000460194140625
0
0
0.00215907750977
-1.39884829431
0.000164964174434
-6.5138002049e-05
1.43939523305
-0.124371301455
0.000141893193359
0.00067495140625
0.0832491200391
-0.0609527139258
-0.00563737822266
-0.00370072788086
-0.0480941226465
0.0113633041406
-0.00250422311523
0
-0.0397070844336
0.0442783462305
-0.0720740723242
-0.124244748066
0.00767757224609
0.000204476263351
0
-0.0344685411328
0.052055627207
-0.0219129109961
-0.113407176055
-0.00629698982422
